Polygon_A:  2.98735 0.832257 3.44894 1.28014 2.79788 1.97518 2.35999 1.49068
Polygon_B:  2.67574 -1.24425 -1.69043 3.86118 2.63932 2.77945 7.22333 3.93521
